67146
67145
67144
67143
67142
66731
67141
67140
67139
67138
67137
67589
67136
67135
67134
67133
67132
67131
67130
67129
67128
67127
67126
67125
67124
67123
66031
66030
67122
67121
67120
67119
67118
67117
67116
65964
65963
65962
65961
67010
65683
65584
66739
66738
65747
65669
65630
66925
66737
66736
67245
65960
65959
65958
65957
65956
70127
65954
65927
65909
65908
65907
65906
65965
65905
65904
69424
65902
66695
65901
65900
65899
65625
65624
65623
65622
65620
65618
69423
69422
65614
65613
65611
65700
65610
65605
65598
65593
65590
65589
65638
65632
67094
66247
65859
65588
66996
66995
66994
66993
66992
66989
69421
66984
66963
66983
66982
69420
69419
66979
66978
66899
66898
66897
66730
67063
66910
66946
66671
66457
66543
66548
66545
66544
65756
65596
66744
66232
67092
66694
66693
66896
66895
66894
66892
69418
66888
69417
69416
66883
66882
69415
69414
66641
66789
66788
66754
66753
67062
66743
66742
66741
66740
66584
67022
67061
66947
65568
68728
66406
66241
66752
66751
66550
66300
66233
66698
66948
66728
66727
66726
66725
69413
66235
65970
68737
68617
66583
69412
69411
69410
66711
70058
69409
69408
66573
70057
66058
66057
66541
66540
69407
66538
66537
66608
66607
66606
66522
66520
66519
66518
66517
66516
66514
66056
66055
66511
69406
66503
66499
66498
66497
66496
66495
66492
66491
66489
66488
66477
66476
66475
66474
69405
66463
66460
69404
66448
66447
68553
66446
66433
66426
66425
66423
66422
66420
66419
66054
66414
66412
69403
66747
66053
66393
66392
66391
66386
66384
66382
66381
66379
66376
69402
66368
66359
66367
66358
66357
69401
65698
66970
66746
65651
65650
65649
66350
66348
66347
66346
66345
66052
66337
66605
66604
66603
66515
66316
66336
66335
66322
66323
69400
69399
66319
66318
66314
66313
66312
66311
66310
66301
66299
66298
66297
66338
66293
66292
66284
66283
66282
66280
66279
66050
66236
66681
69398
66274
66273
69397
69396
69395
66261
66260
66255
69394
69393
66251
67313
66245
69392
66049
66219
66216
66047
65879
65808
66110
66158
66157
66156
66155
66154
66046
66045
66196
65975
65974
65592
65591
66214
66213
66212
66211
66967
65679
65573
65666
66210
66043
65985
65984
65983
65583
65696
65694
65922
65982
65697
65923
65920
65917
65668
65570
65561
65574
65560
65537
65919
65693
65914
65911
65663
65733
65708
65746
65916
65915
65913
65912
65712
65665
69391
65711
69390
65981
65737
65564
66106
65575
